6
5.747288888888889
5.507185254320987
5.279060123299863
5.0623159015930135
4.856384808280207
4.660727388400449
4.47483109980136
4.298208970489048
4.130398322961317
3.970959562182469
3.8194750240246993
3.675547881159467
3.538801103532733
3.4088764707009336
3.2854336334404093
3.1681492221721044
3.056715999865962
2.9508420572059824
2.850250047907595
2.754676462184205
2.663870936459682
2.5775955975185267
2.495624439375658
2.417742731233472
2.3437464549752685
2.273441770721502
2.2066445090488407
2.1431796885418484
2.082881057413483
2.0255906579936327
1.9711584129448394
1.919441732121258
1.8703051390409862
1.8236199159932747
1.7792637668509435
1.737120496704713
1.6970797074802224
1.6590365087403758
1.6228912429154394
1.5885492242411026
1.5559204907206299
1.5249195684613452
1.495465247768107
1.4674803704072314
1.440891627483582
1.4156293674013454
1.3916274134054338
1.3688228902255404
1.3471560593687328
1.326570162629115
1.307011273404618
1.288428155431432
1.2707721285660194
1.2539969412631147
1.238058649415655
1.2229155012392516
1.208527827899649
1.1948579395966554
1.1818700268323337
1.1695300666048092
1.1578057332819696
1.1466663139215691
1.1360826278159264
1.1260269500504432
1.1164729388757042
1.1073955667029052
1.0987710545418379
1.0905768097096953
1.0827913666475117
1.0753943306892082
1.0683663246359352
1.0616889379957646
1.0553446787557537
1.04931692756005
1.0435898941739985
1.038148576120207
1.0329787193782098
1.0280667810447859
1.0233998938571072
1.0189658324857915
1.014752981509556
1.0107503049875795
1.0069473175498658
1.0033340569298779
0.9999010578674872
0.9966393273138757
0.9935403208734389
0.9905959204209751
0.9877984128355286
0.9851404697951782
0.982615128579841
0.9802157738318025
0.9779361202261936
0.9757701960060201
0.9737123273386086
0.9717571234524937
0.9698994625158082
0.9681344782191863
0.966457547028029
0.9648642760707417
0.9633504916312126
0.9619122282153886
0.9605457181633098
0.9592473817793846
0.9580138179550575
0.9568417952592997
0.9557282434735856
0.9546702455491812
0.9536650299656722
0.952709963470718
0.9518025441820123
0.9509403950333764
0.9501212575478224
0.94934298592127
0.94860354140142
0.9479009869470603
0.9472334821538125
0.9465992784330279
0.9459967144312025
0.9454242116779125
0.9448802704508699
0.9443634658472654
0.9438724440511074
0.9434059187867799
0.9429626679495283
0.9425415304040464
0.9421414029427778
0.9417612373959658
0.941400037885878
0.9410568582180157
0.9407307994024724
0.9404210072989491
0.9401266703792571
0.9398470176014475
0.9395813163899975
0.9393288707167632
0.9390890192776713
0.9388611337603742
0.9386446171983287
0.9384389024069898
0.9382434504980189
0.9380577494676179
0.9378813128552891
0.9377136784695085
0.9375544071769741
0.9374030817522564
0.9372593057848384
0.9371227026406835
0.9369929144756093
0.9368696012978817
0.9367524400775762
0.9366411239003727
0.9365353611635652
0.936434874812183
0.9363394016132196
0.9362486914660713
0.936162506747375
0.9360806216885336
0.9360028217842944
0.9359289032308336
0.9358586723918731
0.9357919452914343
0.9357285471318948
0.9356683118360924
0.9356110816122696
0.9355567065407241
0.9355050441810814
0.9354559591991587
0.9354093230124451
0.9353650134532688
0.9353229144487669
0.9352829157168229
0.9352449124771725
0.9352088051769224
0.9351744992297625
0.9351419047681887
0.9351109364080867
0.9350815130250612
0.935053557541922
0.935026996726775
0.9350017610011836
0.9349777842579025
0.9349550036877026
0.9349333596148381
0.9349127953407201
0.9348932569953887
0.9348746933963965
0.9348570559147319
0.9348402983474304
0.934824376796542
0.9348092495541367
0.934794876993047
0.9347812214630605
0.9347682471922925
0.934755920193477
0.9347442081749358
0.9347330804559862
0.9347225078865711
0.9347124627708967
0.934702918794882
0.9346938509572261
0.9346852355039155
0.9346770498659978
0.9346692726004608
0.9346618833340599
0.9346548627099495
0.9346481923369752
0.9346418547414971
0.9346358333216157
0.9346301123036818
0.934624676700976
0.9346195122744494
0.9346146054954241
0.9346099435101524
0.9346055141061458
0.9346013056801837
0.9345973072079167
0.9345935082149884
0.9345898987495964
0.9345864693564221
0.9345832110518629
0.9345801153004979
0.9345771739927285
0.9345743794235357
0.934571724272295
0.9345692015835994
0.9345668047490397
0.9345645274898932
0.9345623638406751
0.9345603081335125
0.9345583549832961
0.9345564992735738
0.9345547361431477
0.9345530609733397
0.934551469375892
0.9345499571814725
0.9345485204287522
0.9345471553540291
0.934545858381367
0.93454462611323
0.934543455321581
0.9345423429394266
0.934541286052782
0.9345402818930376
0.9345393278297072
0.9345384213635362
0.9345375601199553
0.9345367418428597
0.9345359643886992
0.934535225720863
0.9345345239043444
0.9345338571006722
0.9345332235630942
0.934532621632002
0.9345320497305832
0.9345315063606909
0.9345309900989186
0.9345304995928725
0.934530033557628
0.9345295907723641
0.934529170077165
0.9345287703699818
0.934528390603746
0.9345280297836257
0.9345276869644203
0.9345273612480842
0.9345270517813743
0.9345267577536147
0.9345264783945734
0.9345262129724442
0.93452596079193
0.9345257211924214
0.9345254935462661
0.9345252772571246
0.9345250717584083
0.9345248765117943
0.934524691005817
0.9345245147545268
0.9345243472962177
0.9345241881922175
0.934524037025739
0.9345238934007883
0.9345237569411269
0.9345236272892861
0.9345235041056317
0.934523387067473
0.9345232758682179
0.9345231702165702
0.9345230698357657
0.9345229744628482
0.9345228838479795
0.9345227977537858
0.9345227159547357
0.9345226382365492
0.9345225643956371
0.9345224942385658
0.9345224275815528
0.9345223642499844
0.9345223040779572
0.9345222469078457
0.9345221925898878
0.9345221409817923
0.9345220919483674
0.9345220453611655
0.9345220010981473
0.934521959043362
0.9345219190866431
0.9345218811233205
0.9345218450539459
0.9345218107840323
0.9345217782238067
0.9345217472879745
0.9345217178954968
0.9345216899693769
0.9345216634364604
0.9345216382272415
0.9345216142756825
0.9345215915190401
0.9345215698977013
0.9345215493550271
0.934521529837204
0.9345215112931036
0.9345214936741477
0.9345214769341819
0.9345214610293545
0.9345214459180011
0.9345214315605365
0.9345214179193498
0.9345214049587066
0.9345213926446555
0.9345213809449388
0.934521369828908
0.9345213592674435
0.9345213492328788
0.9345213396989274
0.9345213306406142
0.9345213220342101
0.9345213138571701
0.9345213060880735
0.9345212987065685
0.9345212916933188
0.9345212850299521
0.9345212786990134
0.9345212726839182
0.9345212669689095
0.9345212615390162
0.9345212563800143
0.934521251478389
0.9345212468213006
0.934521242396549
0.9345212381925434
0.9345212341982709
0.9345212304032683
0.934521226797594
0.9345212233718028
0.9345212201169206
0.934521217024421
0.9345212140862026
0.9345212112945688
0.9345212086422064
0.9345212061221676
0.9345212037278507
0.9345212014529837
0.9345211992916069
0.9345211972380589
0.9345211952869602
0.9345211934331995
0.934521191671921
0.9345211899985107
0.9345211884085851
0.9345211868979791
0.9345211854627355
0.9345211840990945
0.9345211828034841
0.9345211815725102
0.9345211804029482
0.9345211792917344
0.9345211782359579
0.9345211772328528
0.9345211762797915
0.9345211753742775
0.9345211745139386
0.9345211736965211
0.9345211729198833
0.9345211721819914
0.9345211714809121
0.9345211708148088
0.9345211701819367
0.934521169580638
0.9345211690093373
0.9345211684665381
0.9345211679508184
0.9345211674608275
0.9345211669952818
0.9345211665529617
0.9345211661327084
0.934521165733421
0.9345211653540536
0.9345211649936125
0.9345211646511533
0.9345211643257793
0.9345211640166375
0.9345211637229186
0.9345211634438529
0.9345211631787096
0.9345211629267941
0.9345211626874461
0.9345211624600391
0.9345211622439771
0.9345211620386942
0.9345211618436525
0.9345211616583413
0.934521161482275
0.9345211613149927
0.9345211611560559
0.9345211610050482
0.9345211608615741
0.9345211607252577
0.9345211605957421
0.9345211604726877
0.9345211603557726
0.93452116024469
0.9345211601391492
0.9345211600388739
0.9345211599436011
0.9345211598530815
0.9345211597670776
0.9345211596853644
0.9345211596077279
0.9345211595339645
0.9345211594638811
0.9345211593972941
0.934521159334029
0.9345211592739204
0.9345211592168102
0.9345211591625494
0.9345211591109955
0.9345211590620137
0.9345211590154754
0.9345211589712589
0.9345211589292483
0.9345211588893335
0.9345211588514101
0.9345211588153784
0.9345211587811445
0.9345211587486185
0.9345211587177152
0.9345211586883538
0.934521158660457
0.934521158633952
0.9345211586087692
0.9345211585848426
0.9345211585621098
0.9345211585405113
0.9345211585199901
0.9345211585004928
0.934521158481968
0.9345211584643676
0.9345211584476453
0.9345211584317571
0.9345211584166617
0.9345211584023194
0.9345211583886928
0.9345211583757458
0.9345211583634446
0.9345211583517573
0.9345211583406529
0.9345211583301026
0.9345211583200786
0.9345211583105547
0.9345211583015057
0.9345211582929083
0.93452115828474
0.9345211582769791
0.9345211582696054
0.9345211582625995
0.9345211582559431
0.9345211582496188
0.9345211582436099
0.934521158237901
0.9345211582324768
0.9345211582273232
0.9345211582224267
0.9345211582177745
0.9345211582133545
0.9345211582091548
0.9345211582051647
0.9345211582013738
0.9345211581977718
0.9345211581943496
0.9345211581910982
0.934521158188009
0.9345211581850739
0.9345211581822853
0.9345211581796355
0.9345211581771181
0.9345211581747264
0.9345211581724538
0.9345211581702947
0.9345211581682431
0.934521158166294
0.9345211581644424
0.9345211581626829
0.9345211581610112
0.934521158159423
0.934521158157914
0.9345211581564802
0.934521158155118
0.9345211581538239
0.9345211581525942
0.9345211581514258
0.9345211581503159
0.9345211581492612
0.9345211581482592
0.9345211581473071
0.9345211581464025
0.934521158145543
0.9345211581447265
0.9345211581439506
0.9345211581432135
0.9345211581425131
0.9345211581418478
0.9345211581412155
0.934521158140615
0.9345211581400443
0.9345211581395021
0.934521158138987
0.9345211581384973
0.9345211581380324
0.9345211581375905
0.9345211581371708
0.934521158136772
0.934521158136393
0.934521158136033
0.9345211581356908
0.9345211581353657
0.9345211581350569
0.9345211581347634
0.9345211581344847
0.9345211581342197
0.934521158133968
0.934521158133729
0.934521158133502
0.9345211581332862
0.9345211581330811
0.9345211581328862
0.9345211581327011
0.9345211581325252
0.9345211581323583
0.9345211581321994
0.9345211581320484
0.9345211581319051
0.9345211581317687
0.9345211581316393
0.9345211581315163
0.9345211581313996
0.9345211581312886
0.9345211581311831
0.9345211581310828
0.9345211581309877
0.9345211581308974
0.9345211581308116
0.93452115813073
0.9345211581306524
0.9345211581305787
0.9345211581305086
0.9345211581304422
0.9345211581303791
0.9345211581303189
0.9345211581302619
0.9345211581302078
0.9345211581301562
0.9345211581301074
0.934521158130061
0.9345211581300167
0.9345211581299746
0.9345211581299349
0.934521158129897
0.934521158129861
0.9345211581298268
0.9345211581297943
0.9345211581297633
0.934521158129734
0.9345211581297063
0.9345211581296798
0.9345211581296547
0.934521158129631
0.9345211581296083
0.9345211581295867
0.9345211581295662
0.9345211581295466
0.9345211581295282
0.9345211581295105
0.9345211581294938
0.934521158129478
0.9345211581294629
0.9345211581294487
0.934521158129435
0.9345211581294222
0.9345211581294098
0.9345211581293983
0.9345211581293872
0.9345211581293767
0.9345211581293666
0.934521158129357
0.9345211581293481
0.9345211581293393
0.934521158129331
0.9345211581293233
0.9345211581293159
0.9345211581293089
0.9345211581293023
0.934521158129296
0.9345211581292899
0.9345211581292843
0.9345211581292788
0.9345211581292738
0.934521158129269
0.9345211581292642
0.9345211581292597
0.9345211581292554
0.9345211581292514
0.9345211581292477
0.9345211581292442
0.9345211581292406
0.9345211581292372
0.9345211581292342
0.9345211581292312
0.9345211581292284
0.9345211581292258
0.9345211581292234
0.9345211581292212
0.934521158129219
0.9345211581292168
0.9345211581292147
0.9345211581292125
0.9345211581292108
0.934521158129209
0.9345211581292073
0.9345211581292057
0.9345211581292042
0.9345211581292028
0.9345211581292014
0.9345211581292001
0.934521158129199
0.934521158129198
0.934521158129197
0.934521158129196
0.9345211581291951
0.9345211581291942
0.9345211581291933
0.9345211581291925
0.9345211581291916
0.9345211581291907
0.9345211581291898
0.934521158129189
0.9345211581291882
0.9345211581291875
0.9345211581291867
0.9345211581291861
0.9345211581291857
0.9345211581291852
0.9345211581291848
0.9345211581291843
0.9345211581291839
0.9345211581291835
0.9345211581291831
0.9345211581291828
0.9345211581291825
0.9345211581291821
0.9345211581291818
0.9345211581291815
0.9345211581291811
0.9345211581291808
0.9345211581291805
0.9345211581291801
0.9345211581291798
0.9345211581291795
0.9345211581291794
0.9345211581291792
0.9345211581291791
0.934521158129179
0.9345211581291789
0.9345211581291788
0.9345211581291787
0.9345211581291786
0.9345211581291785
0.9345211581291784
0.9345211581291782
0.9345211581291781
0.934521158129178
0.9345211581291779
0.9345211581291778
0.9345211581291777
0.9345211581291776
0.9345211581291775
0.9345211581291774
0.9345211581291772
0.9345211581291771
0.934521158129177
0.9345211581291769
0.9345211581291768
0.9345211581291767
0.9345211581291767
0.9345211581291767
0.9345211581291767
0.9345211581291767
0.9345211581291767
0.9345211581291767
0.9345211581291767
0.9345211581291767
0.9345211581291767
0.9345211581291767
0.9345211581291767
0.9345211581291767
0.9345211581291767
0.9345211581291767
0.9345211581291767
0.9345211581291767
0.9345211581291767
0.9345211581291767
0.9345211581291767
0.9345211581291767
0.9345211581291767
0.9345211581291767
0.9345211581291767
0.9345211581291767
0.9345211581291767
0.9345211581291767
0.9345211581291767
0.9345211581291767
0.9345211581291767
0.9345211581291767
0.9345211581291767
0.9345211581291767
0.9345211581291767
0.9345211581291767
0.9345211581291767
0.9345211581291767
0.9345211581291767
0.9345211581291767
0.9345211581291767
0.9345211581291767
0.9345211581291767
0.9345211581291767
0.9345211581291767
0.9345211581291767
0.9345211581291767
0.9345211581291767
0.9345211581291767
0.9345211581291767
0.9345211581291767
0.9345211581291767
0.9345211581291767
0.9345211581291767
0.9345211581291767
0.9345211581291767
0.9345211581291767
0.9345211581291767
0.9345211581291767
0.9345211581291767
0.9345211581291767
0.9345211581291767
0.9345211581291767
0.9345211581291767
0.9345211581291767
0.9345211581291767
0.9345211581291767
0.9345211581291767
0.9345211581291767
0.9345211581291767
0.9345211581291767
0.9345211581291767
0.9345211581291767
0.9345211581291767
0.9345211581291767
0.9345211581291767
0.9345211581291767
0.9345211581291767
0.9345211581291767
0.9345211581291767
0.9345211581291767
0.9345211581291767
0.9345211581291767
0.9345211581291767
0.9345211581291767
0.9345211581291767
0.9345211581291767
0.9345211581291767
0.9345211581291767
0.9345211581291767
0.9345211581291767
0.9345211581291767
0.9345211581291767
0.9345211581291767
0.9345211581291767
0.9345211581291767
0.9345211581291767
0.9345211581291767
0.9345211581291767
0.9345211581291767
0.9345211581291767
0.9345211581291767
0.9345211581291767
0.9345211581291767
0.9345211581291767
0.9345211581291767
0.9345211581291767
0.9345211581291767
0.9345211581291767
0.9345211581291767
0.9345211581291767
0.9345211581291767
0.9345211581291767
0.9345211581291767
0.9345211581291767
0.9345211581291767
0.9345211581291767
0.9345211581291767
0.9345211581291767
0.9345211581291767
0.9345211581291767
0.9345211581291767
0.9345211581291767
0.9345211581291767
0.9345211581291767
0.9345211581291767
0.9345211581291767
0.9345211581291767
0.9345211581291767
0.9345211581291767
0.9345211581291767
0.9345211581291767
0.9345211581291767
0.9345211581291767
0.9345211581291767
0.9345211581291767
0.9345211581291767
0.9345211581291767
0.9345211581291767
0.9345211581291767
0.9345211581291767
0.9345211581291767
0.9345211581291767
0.9345211581291767
0.9345211581291767
0.9345211581291767
0.9345211581291767
0.9345211581291767
0.9345211581291767
0.9345211581291767
0.9345211581291767
0.9345211581291767
0.9345211581291767
0.9345211581291767
0.9345211581291767
0.9345211581291767
0.9345211581291767
0.9345211581291767
0.9345211581291767
0.9345211581291767
0.9345211581291767
0.9345211581291767
0.9345211581291767
0.9345211581291767
0.9345211581291767
0.9345211581291767
0.9345211581291767
0.9345211581291767
0.9345211581291767
0.9345211581291767
0.9345211581291767
0.9345211581291767
0.9345211581291767
0.9345211581291767
0.9345211581291767
0.9345211581291767
0.9345211581291767
0.9345211581291767
0.9345211581291767
0.9345211581291767
0.9345211581291767
0.9345211581291767
0.9345211581291767
0.9345211581291767
0.9345211581291767
0.9345211581291767
0.9345211581291767
0.9345211581291767
0.9345211581291767
0.9345211581291767
0.9345211581291767
0.9345211581291767
0.9345211581291767
0.9345211581291767
0.9345211581291767
0.9345211581291767
0.9345211581291767
0.9345211581291767
0.9345211581291767
0.9345211581291767
0.9345211581291767
0.9345211581291767
0.9345211581291767
0.9345211581291767
0.9345211581291767
0.9345211581291767
0.9345211581291767
0.9345211581291767
0.9345211581291767
0.9345211581291767
0.9345211581291767
0.9345211581291767
0.9345211581291767
0.9345211581291767
0.9345211581291767
0.9345211581291767
0.9345211581291767
0.9345211581291767
0.9345211581291767
0.9345211581291767
0.9345211581291767
0.9345211581291767
0.9345211581291767
0.9345211581291767
0.9345211581291767
0.9345211581291767
0.9345211581291767
0.9345211581291767
0.9345211581291767
0.9345211581291767
0.9345211581291767
0.9345211581291767
0.9345211581291767
0.9345211581291767
0.9345211581291767
0.9345211581291767
0.9345211581291767
0.9345211581291767
0.9345211581291767
0.9345211581291767
0.9345211581291767
0.9345211581291767
0.9345211581291767
0.9345211581291767
0.9345211581291767
0.9345211581291767
0.9345211581291767
0.9345211581291767
0.9345211581291767
0.9345211581291767
0.9345211581291767
0.9345211581291767
0.9345211581291767
0.9345211581291767
0.9345211581291767
0.9345211581291767
0.9345211581291767
0.9345211581291767
0.9345211581291767
0.9345211581291767
0.9345211581291767
0.9345211581291767
0.9345211581291767
0.9345211581291767
0.9345211581291767
0.9345211581291767
0.9345211581291767
0.9345211581291767
0.9345211581291767
0.9345211581291767
0.9345211581291767
0.9345211581291767
0.9345211581291767
0.9345211581291767
0.9345211581291767
0.9345211581291767
0.9345211581291767
0.9345211581291767
0.9345211581291767
0.9345211581291767
0.9345211581291767
0.9345211581291767
0.9345211581291767
0.9345211581291767
0.9345211581291767
0.9345211581291767
0.9345211581291767
0.9345211581291767
0.9345211581291767
0.9345211581291767
0.9345211581291767
0.9345211581291767
0.9345211581291767
0.9345211581291767
0.9345211581291767
0.9345211581291767
0.9345211581291767
0.9345211581291767
0.9345211581291767
0.9345211581291767
0.9345211581291767
0.9345211581291767
0.9345211581291767
0.9345211581291767
0.9345211581291767
0.9345211581291767
0.9345211581291767
0.9345211581291767
0.9345211581291767
0.9345211581291767
0.9345211581291767
0.9345211581291767
0.9345211581291767
0.9345211581291767
0.9345211581291767
0.9345211581291767
0.9345211581291767
0.9345211581291767
0.9345211581291767
0.9345211581291767
0.9345211581291767
0.9345211581291767
0.9345211581291767
0.9345211581291767
0.9345211581291767
0.9345211581291767
0.9345211581291767
0.9345211581291767
0.9345211581291767
0.9345211581291767
0.9345211581291767
0.9345211581291767
0.9345211581291767
0.9345211581291767
0.9345211581291767
0.9345211581291767
0.9345211581291767
0.9345211581291767
0.9345211581291767
0.9345211581291767
0.9345211581291767
0.9345211581291767
0.9345211581291767
0.9345211581291767
0.9345211581291767
0.9345211581291767
0.9345211581291767
0.9345211581291767
0.9345211581291767
0.9345211581291767
0.9345211581291767
0.9345211581291767
0.9345211581291767
0.9345211581291767
0.9345211581291767
0.9345211581291767
0.9345211581291767
0.9345211581291767
0.9345211581291767
0.9345211581291767
0.9345211581291767
0.9345211581291767
0.9345211581291767
0.9345211581291767
0.9345211581291767
0.9345211581291767
0.9345211581291767
0.9345211581291767
0.9345211581291767
0.9345211581291767
0.9345211581291767
0.9345211581291767
0.9345211581291767
0.9345211581291767
0.9345211581291767
0.9345211581291767
0.9345211581291767
0.9345211581291767
0.9345211581291767
0.9345211581291767
0.9345211581291767
0.9345211581291767
0.9345211581291767
0.9345211581291767
0.9345211581291767
0.9345211581291767
0.9345211581291767
0.9345211581291767
0.9345211581291767
0.9345211581291767
0.9345211581291767
0.9345211581291767
0.9345211581291767
0.9345211581291767
0.9345211581291767
0.9345211581291767
0.9345211581291767
0.9345211581291767
0.9345211581291767
0.9345211581291767
0.9345211581291767
0.9345211581291767
0.9345211581291767
0.9345211581291767
0.9345211581291767
0.9345211581291767
0.9345211581291767
0.9345211581291767
0.9345211581291767
0.9345211581291767
0.9345211581291767
0.9345211581291767
0.9345211581291767
0.9345211581291767
0.9345211581291767
0.9345211581291767
0.9345211581291767
0.9345211581291767
0.9345211581291767
0.9345211581291767
0.9345211581291767
0.9345211581291767
0.9345211581291767
0.9345211581291767
0.9345211581291767
0.9345211581291767
0.9345211581291767
0.9345211581291767
0.9345211581291767
0.9345211581291767
0.9345211581291767
0.9345211581291767
0.9345211581291767
0.9345211581291767
0.9345211581291767
0.9345211581291767
0.9345211581291767
0.9345211581291767
0.9345211581291767
0.9345211581291767
0.9345211581291767
0.9345211581291767
0.9345211581291767
0.9345211581291767
0.9345211581291767
0.9345211581291767
0.9345211581291767
0.9345211581291767
0.9345211581291767
0.9345211581291767
0.9345211581291767
0.9345211581291767
0.9345211581291767
0.9345211581291767
0.9345211581291767
0.9345211581291767
0.9345211581291767
0.9345211581291767
0.9345211581291767
0.9345211581291767
0.9345211581291767
0.9345211581291767
0.9345211581291767
0.9345211581291767
0.9345211581291767
0.9345211581291767
0.9345211581291767
0.9345211581291767
0.9345211581291767
0.9345211581291767
0.9345211581291767
0.9345211581291767
0.9345211581291767
0.9345211581291767
0.9345211581291767
0.9345211581291767
0.9345211581291767
0.9345211581291767
0.9345211581291767
0.9345211581291767
0.9345211581291767
0.9345211581291767
0.9345211581291767
0.9345211581291767
0.9345211581291767
0.9345211581291767
0.9345211581291767
0.9345211581291767
0.9345211581291767
0.9345211581291767
0.9345211581291767
0.9345211581291767
0.9345211581291767
0.9345211581291767
0.9345211581291767
0.9345211581291767
0.9345211581291767
0.9345211581291767
0.9345211581291767
0.9345211581291767
0.9345211581291767
0.9345211581291767
0.9345211581291767
0.9345211581291767
0.9345211581291767
0.9345211581291767
0.9345211581291767
0.9345211581291767
0.9345211581291767
0.9345211581291767
0.9345211581291767
0.9345211581291767
0.9345211581291767
0.9345211581291767
0.9345211581291767
0.9345211581291767
0.9345211581291767
0.9345211581291767
0.9345211581291767
0.9345211581291767
0.9345211581291767
0.9345211581291767
0.9345211581291767
0.9345211581291767
0.9345211581291767
0.9345211581291767
0.9345211581291767
0.9345211581291767
0.9345211581291767
0.9345211581291767
0.9345211581291767
0.9345211581291767
0.9345211581291767
0.9345211581291767
0.9345211581291767
0.9345211581291767
0.9345211581291767
0.9345211581291767
0.9345211581291767
0.9345211581291767
0.9345211581291767
0.9345211581291767
0.9345211581291767
0.9345211581291767
0.9345211581291767
0.9345211581291767
0.9345211581291767
0.9345211581291767
0.9345211581291767
0.9345211581291767
0.9345211581291767
0.9345211581291767
0.9345211581291767
0.9345211581291767
0.9345211581291767
0.9345211581291767
0.9345211581291767
0.9345211581291767
0.9345211581291767
0.9345211581291767
0.9345211581291767
0.9345211581291767
0.9345211581291767
0.9345211581291767
0.9345211581291767
0.9345211581291767
0.9345211581291767
0.9345211581291767
0.9345211581291767
0.9345211581291767
0.9345211581291767
0.9345211581291767
0.9345211581291767
0.9345211581291767
0.9345211581291767
0.9345211581291767
0.9345211581291767
0.9345211581291767
0.9345211581291767
0.9345211581291767
0.9345211581291767
0.9345211581291767
0.9345211581291767
0.9345211581291767
0.9345211581291767
0.9345211581291767
0.9345211581291767
0.9345211581291767
0.9345211581291767
0.9345211581291767
0.9345211581291767
0.9345211581291767
0.9345211581291767
0.9345211581291767
0.9345211581291767
0.9345211581291767
0.9345211581291767
0.9345211581291767
0.9345211581291767
0.9345211581291767
0.9345211581291767
0.9345211581291767
0.9345211581291767
0.9345211581291767
0.9345211581291767
0.9345211581291767
0.9345211581291767
0.9345211581291767
0.9345211581291767
0.9345211581291767
0.9345211581291767
0.9345211581291767
0.9345211581291767
0.9345211581291767
0.9345211581291767
0.9345211581291767
0.9345211581291767
0.9345211581291767
0.9345211581291767
0.9345211581291767
0.9345211581291767
0.9345211581291767
0.9345211581291767
0.9345211581291767
0.9345211581291767
0.9345211581291767
0.9345211581291767
0.9345211581291767
0.9345211581291767
0.9345211581291767
0.9345211581291767
0.9345211581291767
0.9345211581291767
0.9345211581291767
0.9345211581291767
0.9345211581291767
0.9345211581291767
0.9345211581291767
0.9345211581291767
0.9345211581291767
0.9345211581291767
0.9345211581291767
0.9345211581291767
0.9345211581291767
0.9345211581291767
0.9345211581291767
0.9345211581291767
0.9345211581291767
0.9345211581291767
0.9345211581291767
0.9345211581291767
0.9345211581291767
0.9345211581291767
0.9345211581291767
0.9345211581291767
0.9345211581291767
0.9345211581291767
0.9345211581291767
0.9345211581291767
0.9345211581291767
0.9345211581291767
0.9345211581291767
0.9345211581291767
0.9345211581291767
0.9345211581291767
0.9345211581291767
0.9345211581291767
0.9345211581291767
0.9345211581291767
0.9345211581291767
0.9345211581291767
0.9345211581291767
0.9345211581291767
0.9345211581291767
0.9345211581291767
0.9345211581291767
0.9345211581291767
0.9345211581291767
0.9345211581291767
0.9345211581291767
0.9345211581291767
0.9345211581291767
0.9345211581291767
0.9345211581291767
0.9345211581291767
0.9345211581291767
0.9345211581291767
0.9345211581291767
0.9345211581291767
0.9345211581291767
0.9345211581291767
0.9345211581291767
0.9345211581291767
0.9345211581291767
0.9345211581291767
0.9345211581291767
0.9345211581291767
0.9345211581291767
0.9345211581291767
0.9345211581291767
0.9345211581291767
0.9345211581291767
0.9345211581291767
0.9345211581291767
0.9345211581291767
0.9345211581291767
0.9345211581291767
0.9345211581291767
0.9345211581291767
0.9345211581291767
0.9345211581291767
0.9345211581291767
0.9345211581291767
0.9345211581291767
0.9345211581291767
0.9345211581291767
0.9345211581291767
0.9345211581291767
0.9345211581291767
0.9345211581291767
0.9345211581291767
0.9345211581291767
0.9345211581291767
0.9345211581291767
0.9345211581291767
0.9345211581291767
0.9345211581291767
0.9345211581291767
0.9345211581291767
0.9345211581291767
0.9345211581291767
0.9345211581291767
0.9345211581291767
0.9345211581291767
0.9345211581291767
0.9345211581291767
0.9345211581291767
0.9345211581291767
0.9345211581291767
0.9345211581291767
0.9345211581291767
0.9345211581291767
0.9345211581291767
0.9345211581291767
0.9345211581291767
0.9345211581291767
0.9345211581291767
0.9345211581291767
0.9345211581291767
0.9345211581291767
0.9345211581291767
0.9345211581291767
0.9345211581291767
0.9345211581291767
0.9345211581291767
0.9345211581291767
0.9345211581291767
0.9345211581291767
0.9345211581291767
0.9345211581291767
0.9345211581291767
0.9345211581291767
0.9345211581291767
0.9345211581291767
0.9345211581291767
0.9345211581291767
0.9345211581291767
0.9345211581291767
0.9345211581291767
0.9345211581291767
0.9345211581291767
0.9345211581291767
0.9345211581291767
0.9345211581291767
0.9345211581291767
0.9345211581291767
0.9345211581291767
0.9345211581291767
0.9345211581291767
0.9345211581291767
0.9345211581291767
0.9345211581291767
0.9345211581291767
0.9345211581291767
0.9345211581291767
0.9345211581291767
0.9345211581291767
0.9345211581291767
0.9345211581291767
0.9345211581291767
0.9345211581291767
0.9345211581291767
0.9345211581291767
0.9345211581291767
0.9345211581291767
0.9345211581291767
0.9345211581291767
0.9345211581291767
